#f a U_C
4.26 0 5.2
100 0 10
200 0 10.1
500 0 10
1000 0 10
2000 0 10
4000 0 10.1
6000 0 10.5
8000 0 10.8
10000 0 11
12000 0 12
14000 0 12.6
16000 0 14.8
18000 0 17.6
20000 0 22.4
21000 0 26
22000 0 31.2
23000 0 40
23500 0 45.6
24000 0 54.4
24500 0 66.4
25000 2 89
25200 2 100
25400 2.5 115
25600 3 132
25800 4 153
26000 5 173
26100 6 181
26200 8 186
26300 10 186
26400 11 184
26500 12 177
26600 13 169
26700 14 160
26800 15 149
26900 15 139
27000 15 130
27100 16 120
27200 16 112
27300 16 105
27500 17 92
27700 17 82
28000 17.5 70
28500 17.5 56
29000 17.5 46
30000 17 34
31000 17 28
33000 16.5 20
35000 15 16
40000 13 8.8
45000 11 6.4
