# Alle Daten des Schwingfalls
# Zeit Spannung (falsche Dimension)
0  200000
200000	200000
400000	600000
600000	800000
800000	600000
1000000	800000
1200000	1200000
1400000	1200000
1600000	1200000
1800000	1400000
2000000	1800000
2200000	2000000
2400000	2200000
2600000	2400000
2800000	2600000
3000000	2800000
3200000	3000000
3400000	3400000
3600000	3600000
3800000	4000000
4000000	4200000
4200000	4600000
4400000	4800000
4600000	5000000
4800000	5200000
5000000	5800000
5200000	5800000
5400000	6200000
5600000	6600000
5800000	6800000
6000000	7000000
6200000	7400000
6400000	7800000
6600000	8200000
6800000	8600000
7000000	8800000
7200000	9200000
7400000	9200000
7600000	9600000
7800000	10000000
8000000	10400000
8200000	10800000
8400000	11200000
8600000	11600000
8800000	12200000
9000000	12200000
9200000	12400000
9400000	12600000
9600000	13200000
9800000	13200000
10000000	14000000
10200000	14000000
10400000	14200000
10600000	14600000
10800000	14800000
11000000	15200000
11200000	15400000
11400000	15600000
11600000	15800000
11800000	16200000
12000000	16600000
12200000	16600000
12400000	16800000
12600000	17200000
12800000	17400000
13000000	17600000
13200000	17800000
13400000	18000000
13600000	18200000
13800000	18400000
14000000	18400000
14200000	18600000
14400000	18600000
14600000	18800000
14800000	19000000
15000000	19200000
15200000	19400000
15400000	19400000
15600000	19400000
15800000	19600000
16000000	19800000
16200000	19600000
16400000	19600000
16600000	19800000
17000000	19800000
17200000	19800000
17400000	19600000
17600000	19600000
17800000	19800000
18000000	19600000
18200000	19600000
18400000	20000000
18600000	19800000
18800000	19400000
19000000	19200000
19200000	19600000
19400000	19400000
19600000	19200000
19800000	19200000
20000000	19000000
20200000	19200000
20400000	18600000
20600000	18200000
20800000	18200000
21000000	18000000
21200000	17800000
21400000	17800000
21600000	17400000
21800000	17400000
22000000	17200000
22200000	17000000
22400000	16600000
22600000	16400000
22800000	16000000
23000000	16000000
23200000	15600000
23400000	15600000
23600000	15200000
23800000	14800000
24000000	14600000
24200000	14400000
24400000	14000000
24600000	13600000
24800000	13800000
25000000	13200000
25200000	13000000
25400000	12400000
25600000	12200000
25800000	12000000
26000000	11600000
26200000	11200000
26400000	11200000
26600000	10800000
26800000	10400000
27000000	10200000
27200000	9800000
27400000	9600000
27600000	9400000
27800000	9000000
28000000	8400000
28200000	8400000
28400000	8200000
28600000	7800000
28800000	7600000
29000000	7200000
29200000	7200000
29400000	6600000
29600000	6400000
29800000	6200000
30000000	6000000
30200000	5800000
30400000	5600000
30600000	5000000
30800000	5000000
31000000	4600000
31200000	4400000
31400000	4200000
31600000	4000000
31800000	3800000
32000000	3400000
32200000	3600000
32400000	3000000
32600000	3200000
32800000	3000000
33000000	3000000
33200000	2600000
33400000	2600000
33600000	2400000
33800000	2200000
34000000	2000000
34200000	2200000
34400000	2000000
34600000	2000000
34800000	1800000
35000000	1800000
35200000	1600000
35400000	1400000
35600000	1600000
35800000	1400000
36000000	1400000
36200000	1400000
36400000	1600000
36600000  1400000
36800000	1400000
37000000	1400000
37200000	1600000
37400000	1800000
37600000	1800000
37800000	1800000
38000000	1800000
38200000	2000000
38400000	2200000
38600000	2200000
38800000	2400000
39000000	2400000
39200000	2400000
39400000	2800000
39600000	2800000
39800000	3000000
40000000	3200000
40200000	3400000
40400000	3200000
40600000	3800000
40800000	4000000
41000000	4000000
41200000	4400000
41400000	4400000
41600000	4800000
41800000	5000000
42000000	5000000
42200000	5400000
42400000	5600000
42600000	6000000
42800000	6200000
43000000	6200000
43200000	6600000
43400000	7000000
43600000	7200000
43800000	7400000
44000000	7600000
44200000	8000000
44400000	8200000
44600000	8600000
44800000	8800000
45000000	9200000
45200000	9400000
45400000	9400000
45600000	10000000
45800000	10200000
46000000	10600000
46200000	10800000
46400000	11000000
46600000	11200000
46800000	11600000
47000000	11800000
47200000	12000000
47400000	12600000
47600000	12800000
47800000	13000000
48000000	13400000
48200000	13600000
48400000	14000000
48600000	14200000
48800000	14200000
49000000	14400000
49200000	15000000
49400000	14600000
49600000	15200000
49800000	15400000
50000000	15400000
50200000	15800000
50400000	16000000
50600000	16200000
50800000	16400000
51000000	16600000
51200000	16600000
51400000	17000000
51600000	17200000
51800000	17200000
52000000	17200000
52200000	17600000
52400000	17400000
52600000	17800000
52800000	17800000
53000000	18000000
53200000	18200000
53400000	18200000
53600000	18200000
53800000	18000000
54000000	18400000
54200000	18400000
54400000	18400000
54600000	18400000
54800000	18400000
55000000	18400000
55200000	18400000
55400000	18400000
55600000	18400000
55800000	18400000
56000000	18400000
56200000  18600000
56400000	18200000
56600000	18200000
56800000	18000000
57000000	18000000
57200000	17800000
57400000	18000000
57600000	17800000
57800000	17800000
58000000	17600000
58200000	17400000
58400000	17400000
58600000	17400000
58800000	17000000
59000000	16800000
59200000	17000000
59400000	16800000
59600000	16400000
59800000	16600000
60000000	16200000
60200000	15600000
60400000	15600000
60600000	15600000
60800000	15200000
61000000	15200000
61200000	15000000
61400000	14800000
61600000	14600000
61800000	14200000
62000000	13600000
62200000	13600000
62400000	13600000
62600000	13200000
62800000	13000000
63000000	12800000
63200000	12400000
63400000	12000000
63600000	11800000
63800000	11800000
64000000	11600000
64200000	11400000
64400000	10800000
64600000	10800000
64800000	10400000
65000000	10200000
65200000	9800000
65400000	9600000
65600000	9400000
65800000	9200000
66000000	9000000
66200000	8800000
66400000	8400000
66600000	8000000
66800000	7600000
67000000	7600000
67200000	7400000
67400000	7000000
67600000	7000000
67800000	6600000
68000000	6400000
68200000	6000000
68400000	6000000
68600000	5800000
68800000	5600000
69000000	5600000
69200000	5200000
69400000	5000000
69600000	4800000
69800000	4800000
70000000	4600000
70200000	4400000
70400000	4400000
70600000	4200000
70800000	4000000
71000000	3800000
71200000	3800000
71400000	3800000
71600000	3400000
71800000	3200000
72000000	3200000
72200000	3000000
72400000	3200000
72600000	3000000
72800000	3200000
73000000	3000000
73200000	3000000
73400000	3000000
73600000	2800000
73800000	2600000
74000000	3000000
74200000	2800000
74400000	2800000
74600000  2600000
74800000	2800000
75000000	3000000
75200000	2800000
75400000	2800000
75600000	3000000
75800000	3000000
76000000	3200000
76200000	3000000
76400000	3400000
76600000	3400000
76800000	3400000
77000000	3800000
77200000	3600000
77400000	3800000
77600000	3800000
77800000	3800000
78000000	4200000
78200000	4400000
78400000	4400000
78600000	4600000
78800000	4800000
79000000	5000000
79200000	5000000
79400000	5400000
79600000	5800000
79800000	5800000
80000000	5600000
80200000	6200000
80400000	6200000
80600000	6400000
80800000	6800000
81000000	7200000
81200000	7400000
81400000	7400000
81600000	7600000
81800000	7800000
82000000	8000000
82200000	8600000
82400000	8600000
82600000	8800000
82800000	9200000
83000000	9400000
83200000	9600000
83400000	9800000
83600000	10000000
83800000	10200000
84000000	10800000
84200000	10800000
84400000	11000000
84600000	11400000
84800000	11600000
85000000	11600000
85200000	12000000
85400000	12200000
85600000	12400000
85800000	12600000
86000000	13000000
86200000	13000000
86400000	13200000
86600000	13600000
86800000	13600000
87000000	14000000
87200000	14000000
87400000	14400000
87600000	14600000
87800000	14600000
88000000	15200000
88200000	15000000
88400000	15200000
88600000	15200000
88800000	15600000
89000000	15800000
89200000	15800000
89400000	16000000
89600000	16000000
89800000	16000000
90000000	16200000
90200000	16400000
90400000	16600000
90600000	16800000
90800000	16600000
91000000	16800000
91200000	17200000
91400000	17200000
91600000	17000000
91800000	17200000
92000000	17000000
92200000	17400000
92400000	17400000
92600000	17400000
92800000  17600000
93000000	17200000
93200000	17400000
93400000	17200000
93600000	17400000
93800000	17200000
94000000	17200000
94200000	17200000
94400000	17200000
94600000	17200000
94800000	17200000
95000000	16800000
95200000	17000000
95400000	17000000
95600000	16800000
95800000	16800000
96000000	16600000
96200000	16600000
96400000	16400000
96600000	16400000
96800000	16000000
97000000	16200000
97200000	15800000
97400000	15800000
97600000	15800000
97800000	15400000
98000000	15200000
98200000	15000000
98400000	14600000
98600000	14800000
98800000	14400000
99000000	14400000
99200000	14200000
99400000	14200000
99600000	14000000
99800000	13400000
100000000	13400000
100200000	13200000
100400000	13000000
100600000	12800000
100800000	12200000
101000000	12400000
101200000	12200000
101400000	11800000
101600000	11600000
101800000	11200000
102000000	11400000
102200000	11000000
102400000	10800000
102600000	10800000
102800000	10400000
103000000	10000000
103200000	9800000
103400000	9600000
103600000	9400000
103800000	9200000
104000000	8800000
104200000	8600000
104400000	8600000
104600000	8600000
104800000	8200000
105000000	7600000
105200000	7600000
105400000	7600000
105600000	7600000
105800000	7200000
106000000	7000000
106200000	6800000
106400000	6400000
106600000	6400000
106800000	6200000
107000000	5800000
107200000	5800000
107400000	5800000
107600000	5800000
107800000	5400000
108000000	5200000
108200000	5200000
108400000	5000000
108600000	5000000
108800000	4800000
109000000	4800000
109200000	4600000
109400000	4800000
109600000	4400000
109800000	4200000
110000000	4200000
110200000	4400000
110400000	4400000
110600000	4000000
110800000	4000000
111000000	4000000
111200000	4200000
111400000	3800000
111600000	3800000
111800000 3800000
112000000	3800000
112200000	3800000
112400000	4000000
112600000	3800000
112800000	4200000
113000000	4000000
113200000	4000000
113400000	4000000
113600000	4000000
113800000	4200000
114000000	4200000
114200000	4200000
114400000	4400000
114600000	4400000
114800000	4200000
115000000	4600000
115200000	4800000
115400000	4400000
115600000	4800000
115800000	4800000
116000000	5000000
116200000	5200000
116400000	5200000
116600000	5600000
116800000	5600000
117000000	5800000
117200000	5600000
117400000	6200000
117600000	6200000
117800000	6600000
118000000	6600000
118200000	6800000
118400000	7000000
118600000	7200000
118800000	7400000
119000000	7600000
119200000	7800000
119400000	8000000
119600000	8000000
119800000	8200000
120000000	8600000
120200000	8400000
120400000	8800000
120600000	9000000
120800000	9200000
121000000	9400000
121200000	9800000
121400000	10000000
121600000	10200000
121800000	10400000
122000000	10400000
122200000	10800000
122400000	11000000
122600000	11200000
122800000	11200000
123000000	11400000
123200000	11600000
123400000	12000000
123600000	12200000
123800000	12600000
124000000	12600000
124200000	12800000
124400000	13000000
124600000	13200000
124800000	13200000
125000000	13200000
125200000	13600000
125400000	13800000
125600000	13600000
125800000	14000000
126000000	14200000
126200000	14200000
126400000	14600000
126600000	14800000
126800000	14800000
127000000	15000000
127200000	15200000
127400000	15000000
127600000	15200000
127800000	15200000
128000000	15400000
128200000	15600000
128400000	15800000
128600000	15800000
128800000	15800000
129000000	16000000
129200000	16000000
129400000	15800000
129600000	15800000
129800000	16200000
130000000	16200000
130200000	16200000
130400000	16400000
130600000	16400000
130800000 16400000
131000000	16200000
131200000	16000000
131400000	16200000
131600000	16200000
131800000	16200000
132000000	16000000
132200000	16000000
132400000	16200000
132600000	16200000
132800000	16000000
133000000	16000000
133200000	15800000
133400000	16000000
133600000	15600000
133800000	15800000
134000000	15600000
134200000	15400000
134400000	15400000
134600000	15000000
134800000	15200000
135000000	15000000
135200000	15000000
135400000	14800000
135600000	14600000
135800000	14400000
136000000	14400000
136200000	14200000
136400000	14400000
136600000	14200000
136800000	13800000
137000000	13600000
137200000	13600000
137400000	13600000
137600000	13400000
137800000	12800000
138000000	12800000
138200000	12600000
138400000	12400000
138600000	12400000
138800000	12200000
139000000	12000000
139200000	11800000
139400000	11400000
139600000	11400000
139800000	11600000
140000000	11200000
140200000	10800000
140400000	10600000
140600000	10400000
140800000	10200000
141000000	10000000
141200000	10000000
141400000	9800000
141600000	9600000
141800000	9400000
142000000	9400000
142200000	9000000
142400000	8800000
142600000	8600000
142800000	8400000
143000000	8200000
143200000	8000000
143400000	8000000
143600000	7800000
143800000	7400000
144000000	7600000
144200000	7400000
144400000	6800000
144600000	6800000
144800000	6600000
145000000	6400000
145200000	6600000
145400000	6400000
145600000	6400000
145800000	6000000
146000000	5800000
146200000	5800000
146400000	5800000
146600000	5400000
146800000	5600000
147000000	5600000
147200000	5400000
147400000	5400000
147600000	5200000
147800000	5200000
148000000	5000000
148200000	5200000
148400000	4800000
148600000	4800000
148800000	5000000
149000000	4800000
149200000	5000000
149400000	4600000
149600000	4800000
149800000 4600000
150000000	4800000
150200000	4600000
150400000	4800000
150600000	4800000
150800000	4800000
151000000	4600000
151200000	4600000
151400000	4800000
151600000	5200000
151800000	5000000
152000000	5000000
152200000	5200000
152400000	5000000
152600000	5200000
152800000	5200000
153000000	5400000
153200000	5800000
153400000	5400000
153600000	5600000
153800000	5800000
154000000	5600000
154200000	5800000
154400000	5800000
154600000	6200000
154800000	6200000
155000000	6600000
155200000	6600000
155400000	6800000
155600000	7000000
155800000	7000000
156000000	7000000
156200000	7200000
156400000	7600000
156600000	7400000
156800000	7800000
157000000	8200000
157200000	8000000
157400000	8400000
157600000	8400000
157800000	8600000
158000000	9000000
158200000	9000000
158400000	9200000
158600000	9200000
158800000	9600000
159000000	9400000
159200000	9600000
159400000	9800000
159600000	10200000
159800000	10400000
160000000	10400000
160200000	10400000
160400000	10800000
160600000	11000000
160800000	11200000
161000000	11200000
161200000	11400000
161400000	11600000
161600000	12000000
161800000	12000000
162000000	12200000
162200000	12400000
162400000	12600000
162600000	12600000
162800000	12800000
163000000	13000000
163200000	13200000
163400000	13400000
163600000	13600000
163800000	13800000
164000000	13600000
164200000	13800000
164400000	14000000
164600000	14000000
164800000	14000000
165000000	14400000
165200000	14200000
165400000	14400000
165600000	14600000
165800000	14400000
166000000	14600000
166200000	15000000
166400000	14800000
166600000	15000000
166800000	15200000
167000000	15200000
167200000	15000000
167400000	15200000
167600000	15200000
167800000	15200000
168000000	15400000
168200000	15400000
168400000	15400000
168600000	15600000
168800000	15400000
169000000 15600000
169200000	15000000
169400000	15400000
169600000	15400000
169800000	15400000
170000000	15400000
170200000	15400000
170400000	15400000
170600000	15400000
170800000	15200000
171000000	15200000
171200000	15000000
171400000	14800000
171600000	15000000
171800000	15000000
172000000	15000000
172200000	14800000
172400000	14600000
172600000	14600000
172800000	14600000
173000000	14400000
173200000	14400000
173400000	14000000
173600000	14000000
173800000	14000000
174000000	13600000
174200000	13600000
174400000	13400000
174600000	13400000
174800000	13400000
175000000	13200000
175200000	13000000
175400000	13000000
175600000	13000000
175800000	12600000
176000000	12600000
176200000	12200000
176400000	12200000
176600000	12000000
176800000	12000000
177000000	11800000
177200000	11400000
177400000	11200000
177600000	11200000
177800000	11000000
178000000	11000000
178200000	10800000
178400000	10800000
178600000	10400000
178800000	10200000
179000000	10000000
179200000	9800000
179400000	9600000
179600000	9400000
179800000	9400000
180000000	9000000
180200000	9000000
180400000	9000000
180600000	8800000
180800000	8600000
181000000	8400000
181200000	8400000
181400000	8200000
181600000	8200000
181800000	8000000
182000000	7600000
182200000	7600000
182400000	7400000
182600000	7200000
182800000	7200000
183000000	7000000
183200000	7200000
183400000	7200000
183600000	6800000
183800000	6600000
184000000	6400000
184200000	6400000
184400000	6400000
184600000	6200000
184800000	6200000
185000000	6000000
185200000	6000000
185400000	6000000
185600000	5800000
185800000	5600000
186000000	6200000
186200000	5600000
186400000	5600000
186600000	5600000
186800000	5800000
187000000	5400000
187200000	5600000
187400000	5400000
187600000	5800000
187800000	5600000
188000000	5600000
188200000	5400000
188400000	5600000
188600000 5400000
188800000	5600000
189000000	5400000
189200000	5400000
189400000	5800000
189600000	5800000
189800000	5800000
190000000	5600000
190200000	6000000
190400000	5800000
190600000	6000000
190800000	6000000
191000000	5800000
191200000	6000000
191400000	6200000
191600000	6400000
191800000	6400000
192000000	6600000
192200000	6400000
192400000	6800000
192600000	7000000
192800000	7000000
193000000	6800000
193200000	7200000
193400000	7200000
193600000	7600000
193800000	7600000
194000000	7600000
194200000	7800000
194400000	8000000
194600000	7800000
194800000	8000000
195000000	8200000
195200000	8400000
195400000	8600000
195600000	9000000
195800000	9000000
196000000	9000000
196200000	9200000
196400000	9200000
196600000	9400000
196800000	9400000
197000000	9800000
197200000	9800000
197400000	10000000
197600000	10000000
197800000	10400000
198000000	10600000
198200000	10600000
198400000	10800000
198600000	11000000
198800000	11000000
199000000	11200000
199200000	11400000
199400000	11600000
199600000	11800000
199800000	11800000
200000000	11800000
200200000	12200000
200400000	12200000
200600000	12400000
200800000	12600000
201000000	12800000
201200000	12600000
201400000	12800000
201600000	13000000
201800000	13000000
202000000	13400000
202200000	13400000
202400000	13600000
202600000	13400000
202800000	13600000
203000000	14000000
203200000	13800000
203400000	14000000
203600000	14000000
203800000	14000000
204000000	14200000
204200000	14000000
204400000	14400000
204600000	14600000
204800000	14200000
205000000	14400000
205200000	14400000
205400000	14600000
205600000	14400000
205800000	14600000
206000000	14600000
206200000	14800000
206400000	14800000
206600000	14600000
206800000 15000000
207000000	14800000
207200000	14800000
207400000	14800000
207600000	14800000
207800000	14600000
208000000	14400000
208200000	14800000
208400000	14600000
208600000	14600000
208800000	14200000
209000000	14400000
209200000	14400000
209400000	14400000
209600000	14200000
209800000	14400000
210000000	14400000
210200000	14200000
210400000	13800000
210600000	14000000
210800000	14000000
211000000	13800000
211200000	13600000
211400000	13600000
211600000	13400000
211800000	13400000
212000000	13200000
212200000	13000000
212400000	13000000
212600000	13000000
212800000	12800000
213000000	12600000
213200000	12600000
213400000	12400000
213600000	12200000
213800000	12000000
214000000	12200000
214200000	12000000
214400000	12000000
214600000	11600000
214800000	11400000
215000000	11600000
215200000	11400000
215400000	11000000
215600000	11000000
215800000	11000000
216000000	10600000
216200000	10400000
216400000	10600000
216600000	10200000
216800000	10400000
217000000	10000000
217200000	9800000
217400000	9600000
217600000	9400000
217800000	9400000
218000000	9200000
218200000	9200000
218400000	9200000
218600000	8800000
218800000	8600000
219000000	8600000
219200000	8400000
219400000	8200000
219600000	8400000
219800000	8200000
220000000	8200000
220200000	8200000
220400000	7600000
220600000	7800000
220800000	7800000
221000000	7600000
221200000	7400000
221400000	7400000
221600000	7200000
221800000	7000000
222000000	7000000
222200000	7000000
222400000	6800000
222600000	6800000
222800000	6800000
223000000	6600000
223200000	6600000
223400000	6600000
223600000	6400000
223800000	6400000
224000000	6400000
224200000	6400000
224400000	6400000
224600000	6400000
224800000	6400000
225000000	6400000
225200000	6200000
225400000	6200000
225600000 6000000
225800000	6200000
226000000	6200000
226200000	6200000
226400000	6200000
226600000	6200000
226800000	6200000
227000000	6200000
227200000	6200000
227400000	6200000
227600000	6200000
227800000	6200000
228000000	6400000
228200000	6400000
228400000	6400000
228600000	6600000
228800000	6600000
229000000	6800000
229200000	6800000
229400000	6600000
229600000	7000000
229800000	7000000
230000000	7200000
230200000	7000000
230400000	7200000
230600000	7200000
230800000	7600000
231000000	7400000
231200000	7600000
231400000	7600000
231600000	7600000
231800000	7800000
232000000	8000000
232200000	8200000
232400000	8600000
232600000	8400000
232800000	8400000
233000000	8600000
233200000	8600000
233400000	8600000
233600000	8800000
233800000	9200000
234000000	9000000
234200000	9400000
234400000	9400000
234600000	9800000
234800000	9800000
235000000	9800000
235200000	10000000
235400000	10000000
235600000	10400000
235800000	10400000
236000000	10400000
236200000	10600000
236400000	10600000
236600000	10800000
236800000	11000000
237000000	11200000
237200000	11400000
237400000	11400000
237600000	11800000
237800000	11400000
238000000	12000000
238200000	12000000
238400000	11800000
238600000	12000000
238800000	12200000
239000000	12400000
239200000	12200000
239400000	12400000
239600000	12600000
239800000	12800000
240000000	12800000
240200000	12600000
240400000	12800000
240600000	13200000
240800000	13000000
241000000	13200000
241200000	13400000
241400000	13200000
241600000	13400000
241800000	13400000
242000000	13400000
242200000	13600000
242400000	13600000
242600000	14000000
242800000	13800000
243000000	13800000
243200000	13800000
243400000	13800000
243600000	13800000
243800000	13800000
244000000	14000000
244200000	14200000
244400000	13800000
244600000	14000000
244800000	14000000
245000000	14000000
245200000	14000000
245400000	13800000
245600000 14200000
245800000	13800000
246000000	13800000
246200000	14000000
246400000	14000000
246600000	13800000
246800000	14000000
247000000	13800000
247200000	14000000
247400000	13800000
247600000	14000000
247800000	13600000
248000000	13600000
248200000	13600000
248400000	13200000
248600000	13200000
248800000	13400000
249000000	13400000
249200000	13200000
249400000	13400000
249600000	13000000
249800000	13000000
250000000	12600000
250200000	12600000
250400000	12600000
250600000	12400000
250800000	12200000
251000000	12600000
251200000	12200000
251400000	12200000
251600000	12000000
251800000	11800000
252000000	11800000
252200000	11800000
252400000	11800000
252600000	11200000
252800000	11200000
253000000	11200000
253200000	11200000
253400000	10800000
253600000	10800000
253800000	10800000
254000000	10600000
254200000	10600000
254400000	10400000
254600000	10200000
254800000	10000000
255000000	10200000
255200000	10000000
255400000	9600000
255600000	9400000
255800000	9400000
256000000	9600000
256200000	9200000
256400000	9200000
256600000	9200000
256800000	8800000
257000000	9000000
257200000	8800000
257400000	8800000
257600000	8600000
257800000	8800000
258000000	8400000
258200000	8200000
258400000	8200000
258600000	8200000
258800000	7800000
259000000	7800000
259200000	7600000
259400000	7800000
259600000	7800000
259800000	7600000
260000000	7400000
260200000	7400000
260400000	7200000
260600000	7200000
260800000	7400000
261000000	7200000
261200000	7000000
261400000	7000000
261600000	7000000
261800000	7000000
262000000	7000000
262200000	6800000
262400000	6800000
262600000	7000000
262800000	6800000
263000000	6600000
263200000	6600000
263400000	6600000
263600000	6800000
263800000 6600000
264000000	7000000
264200000	6800000
264400000	6600000
264600000	6800000
264800000	6600000
265000000	6600000
265200000	6800000
265400000	7000000
265600000	6800000
265800000	6800000
266000000	6800000
266200000	7000000
266400000	7000000
266600000	7000000
266800000	7400000
267000000	7200000
267200000	7000000
267400000	7600000
267600000	7600000
267800000	7200000
268000000	7800000
268200000	7600000
268400000	7400000
268600000	7800000
268800000	8000000
269000000	7800000
269200000	8000000
269400000	8000000
269600000	8200000
269800000	8200000
270000000	8200000
270200000	8200000
270400000	8400000
270600000	8600000
270800000	8600000
271000000	9000000
271200000	8800000
271400000	9000000
271600000	8800000
271800000	9400000
272000000	9600000
272200000	9400000
272400000	9600000
272600000	9600000
272800000	9800000
273000000	10000000
273200000	10000000
273400000	10000000
273600000	10200000
273800000	10400000
274000000	10600000
274200000	10600000
274400000	10800000
274600000	10800000
274800000	10800000
275000000	11000000
275200000	11400000
275400000	11200000
275600000	11200000
275800000	11600000
276000000	11600000
276200000	11600000
276400000	11600000
276600000	12000000
276800000	12000000
277000000	12000000
277200000	12200000
277400000	12200000
277600000	12600000
277800000	12400000
278000000	12400000
278200000	12400000
278400000	12600000
278600000	12400000
278800000	12800000
279000000	12600000
279200000	13000000
279400000	13000000
279600000	13000000
279800000	12800000
280000000	13000000
280200000	13200000
280400000	13000000
280600000	13400000
280800000	13200000
281000000	13400000
281200000	13400000
281400000	13200000
281600000	13400000
281800000	13400000
282000000	13400000
282200000	13400000
282400000	13400000
282600000	13400000
282800000	13400000
283000000	13200000
283200000	13400000
283400000	13400000
283600000	13400000
283800000 13600000
284000000	13200000
284200000	13400000
284400000	13400000
284600000	13200000
284800000	13200000
285000000	13200000
285200000	13200000
285400000	13400000
285600000	13000000
285800000	13200000
286000000	13400000
286200000	13000000
286400000	13000000
286600000	12800000
286800000	13000000
287000000	12800000
287200000	12600000
287400000	12800000
287600000	12600000
287800000	12600000
288000000	12200000
288200000	12200000
288400000	12200000
288600000	12000000
288800000	12000000
289000000	12000000
289200000	12200000
289400000	12000000
289600000	11400000
289800000	11600000
290000000	11600000
290200000	11600000
290400000	11400000
290600000	11200000
290800000	11400000
291000000	11000000
291200000	11000000
291400000	10800000
291600000	10600000
291800000	10800000
292000000	10600000
292200000	10400000
292400000	10200000
292600000	10200000
292800000	10000000
293000000	9800000
293200000	9800000
293400000	10000000
293600000	9800000
293800000	9600000
294000000	9600000
294200000	9400000
294400000	9400000
294600000	9000000
294800000	9200000
295000000	8800000
295200000	8800000
295400000	8600000
295600000	8600000
295800000	8400000
296000000	8600000
296200000	8600000
296400000	8600000
296600000	8400000
296800000	8400000
297000000	8200000
297200000	8000000
297400000	8400000
297600000	8000000
297800000	7800000
298000000	7800000
298200000	7800000
298400000	7600000
298600000	7800000
298800000	7600000
299000000	7400000
299200000	7600000
299400000	7600000
299600000	7400000
299800000	7200000
300000000	7600000
300200000	7200000
300400000	7400000
300600000	7400000
300800000	7200000
301000000	7400000
301200000	7400000
301400000	7200000
301600000	7400000
301800000	7200000
302000000	7200000
302200000 7000000
302400000	7200000
302600000	7200000
302800000	7200000
303000000	7200000
303200000	7400000
303400000	7400000
303600000	7400000
303800000	7200000
304000000	7400000
304200000	7400000
304400000	7400000
304600000	7600000
304800000	7400000
305000000	7600000
305200000	7600000
305400000	7400000
305600000	8000000
305800000	7800000
306000000	8000000
306200000	8000000
306400000	7800000
306600000	8200000
306800000	8200000
307000000	8200000
307200000	8600000
307400000	8400000
307600000	8800000
307800000	8400000
308000000	8800000
308200000	8600000
308400000	8600000
308600000	8800000
308800000	9000000
309000000	9000000
309200000	9000000
309400000	9200000
309600000	9200000
309800000	9400000
310000000	9600000
310200000	9800000
310400000	9800000
310600000	9800000
310800000	9800000
311000000	10200000
311200000	10000000
311400000	10200000
311600000	10600000
311800000	10600000
312000000	10400000
312200000	10600000
312400000	10600000
312600000	10600000
312800000	10800000
313000000	11000000
313200000	11000000
313400000	10800000
313600000	11000000
313800000	11400000
314000000	11600000
314200000	11400000
314400000	11600000
314600000	11800000
314800000	11800000
315000000	11600000
315200000	11800000
315400000	11800000
315600000	12000000
315800000	12000000
316000000	12200000
316200000	12000000
316400000	12400000
316600000	12200000
316800000	12200000
317000000	12400000
317200000	12600000
317400000	12800000
317600000	12400000
317800000	12400000
318000000	12600000
318200000	12800000
318400000	12600000
318600000	12600000
318800000	12600000
319000000	13000000
319200000	12800000
319400000	12800000
319600000	12800000
319800000	13000000
320000000	12600000
320200000	13000000
320400000	13000000
320600000	13000000
320800000	13200000
321000000	12800000
321200000	13000000
321400000	13000000
321600000 13200000
321800000	13000000
322000000	13000000
322200000	13000000
322400000	12800000
322600000	12800000
322800000	12800000
323000000	12800000
323200000	12600000
323400000	12800000
323600000	12800000
323800000	12400000
324000000	12600000
324200000	12400000
324400000	12600000
324600000	12600000
324800000	12400000
325000000	12200000
325200000	12400000
325400000	12200000
325600000	12200000
325800000	12200000
326000000	12000000
326200000	12000000
326400000	12200000
326600000	11800000
326800000	12000000
327000000	11600000
327200000	11800000
327400000	11600000
327600000	11000000
327800000	11200000
328000000	11200000
328200000	11000000
328400000	11200000
328600000	11000000
328800000	11000000
329000000	11000000
329200000	10600000
329400000	10800000
329600000	10400000
329800000	10400000
330000000	10200000
330200000	10200000
330400000	10200000
330600000	10200000
330800000	10000000
331000000	9800000
331200000	9800000
331400000	10000000
331600000	9800000
331800000	9800000
332000000	9400000
332200000	9400000
332400000	9200000
332600000	9400000
332800000	9200000
333000000	9000000
333200000	9200000
333400000	9200000
333600000	8800000
333800000	9000000
334000000	8600000
334200000	8800000
334400000	8400000
334600000	8400000
334800000	8400000
335000000	8400000
335200000	8200000
335400000	8200000
335600000	8400000
335800000	8400000
336000000	8200000
336200000	8200000
336400000	8000000
336600000	8000000
336800000	8000000
337000000	8200000
337200000	8000000
337400000	7600000
337600000	7600000
337800000	7800000
338000000	7800000
338200000	7800000
338400000	7800000
338600000	7600000
338800000	7800000
339000000	7800000
339200000	7400000
339400000	7800000
339600000	7800000
339800000 7400000
340000000	7800000
340200000	7600000
340400000	7400000
340600000	7800000
340800000	7800000
341000000	7600000
341200000	7600000
341400000	7800000
341600000	7600000
341800000	7600000
342000000	7800000
342200000	7800000
342400000	7600000
342600000	7800000
342800000	8200000
343000000	7800000
343200000	8000000
343400000	8000000
343600000	8200000
343800000	8200000
344000000	8000000
344200000	8400000
344400000	8600000
344600000	8400000
344800000	8400000
345000000	8600000
345200000	8600000
345400000	8600000
345600000	8800000
345800000	8800000
346000000	8800000
346200000	9200000
346400000	9000000
346600000	9000000
346800000	9400000
347000000	9200000
347200000	9400000
347400000	9200000
347600000	9200000
347800000	9400000
348000000	9600000
348200000	9600000
348400000	9800000
348600000	9800000
348800000	10000000
349000000	10200000
349200000	10200000
349400000	10200000
349600000	10200000
349800000	10400000
350000000	10400000
350200000	10600000
350400000	10600000
350600000	10600000
350800000	10600000
351000000	10800000
351200000	11000000
351400000	11000000
351600000	11200000
351800000	11200000
352000000	11000000
352200000	11200000
352400000	11400000
352600000	11200000
352800000	11600000
353000000	11400000
353200000	11800000
353400000	11600000
353600000	11800000
353800000	11800000
354000000	12000000
354200000	11800000
354400000	12200000
354600000	11800000
354800000	12200000
355000000	12200000
355200000	12400000
355400000	12200000
355600000	12200000
355800000	12400000
356000000	12400000
356200000	12400000
356400000	12600000
356600000	12400000
356800000	12600000
357000000 12600000
357200000	12200000
357400000	12600000
357600000	12800000
357800000	12200000
358000000	12600000
358200000	12400000
358400000	12400000
358600000	12800000
358800000	12600000
359000000	12400000
359200000	12600000
359400000	12800000
359600000	12400000
359800000	12400000
360000000	12600000
360200000	12400000
360400000	12400000
360600000	12400000
360800000	12400000
361000000	12400000
361200000	12600000
361400000	12400000
361600000	12400000
361800000	12200000
362000000	12200000
362200000	12400000
362400000	12200000
362600000	12200000
362800000	12000000
363000000	12000000
363200000	12000000
363400000	12000000
363600000	11600000
363800000	11800000
364000000	11600000
364200000	11800000
364400000	11600000
364600000	11600000
364800000	11600000
365000000	11400000
365200000	11400000
365400000	11400000
365600000	11200000
365800000	11200000
366000000	11400000
366200000	10800000
366400000	11000000
366600000	11000000
366800000	11000000
367000000	11000000
367200000	10600000
367400000	10400000
367600000	10400000
367800000	10400000
368000000	10400000
368200000	10400000
368400000	10400000
368600000	10200000
368800000	10000000
369000000	9800000
369200000	9800000
369400000	9800000
369600000	9800000
369800000	9800000
370000000	9400000
370200000	9400000
370400000	9400000
370600000	9400000
370800000	9400000
371000000	9600000
371200000	9200000
371400000	8800000
371600000	8800000
371800000	9000000
372000000	8800000
372200000	8800000
372400000	8800000
372600000	8800000
372800000	8800000
373000000	8600000
373200000	8600000
373400000	8400000
373600000	8600000
373800000	8400000
374000000	8400000
374200000	8400000
374400000	8200000
374600000	8200000
374800000	8200000
375000000	8200000
375200000	8200000
375400000	8200000
375600000	8000000
375800000	8200000
376000000	8200000
376200000	8200000
376400000	8000000
376600000	8200000
376800000	7800000
377000000	7800000
377200000	7800000
377400000	8000000
377600000 7800000
377800000	7800000
378000000	7800000
378200000	8000000
378400000	8200000
378600000	8200000
378800000	8000000
379000000	8000000
379200000	8000000
379400000	8000000
379600000	8200000
379800000	8200000
380000000	8000000
380200000	8200000
380400000	8200000
380600000	8200000
380800000	8200000
381000000	8200000
381200000	8400000
381400000	8400000
381600000	8400000
381800000	8400000
382000000	8600000
382200000	8600000
382400000	8600000
382600000	8600000
382800000	9000000
383000000	8800000
383200000	8800000
383400000	9000000
383600000	8800000
383800000	9000000
384000000	9200000
384200000	9200000
384400000	9200000
384600000	9200000
384800000	9200000
385000000	9600000
385200000	9200000
385400000	9400000
385600000	9800000
385800000	9800000
386000000	9800000
386200000	9800000
386400000	9800000
386600000	9800000
386800000	10000000
387000000	9800000
387200000	9800000
387400000	10000000
387600000	10200000
387800000	10400000
388000000	10600000
388200000	10600000
388400000	10600000
388600000	10600000
388800000	10600000
389000000	11000000
389200000	10800000
389400000	10800000
389600000	11200000
389800000	11000000
390000000	11200000
390200000	11400000
390400000	11000000
390600000	11200000
390800000	11400000
391000000	11600000
391200000	11400000
391400000	11600000
391600000	11400000
391800000	11600000
392000000	11600000
392200000	11600000
392400000	11800000
392600000	11800000
392800000	12200000
393000000	11800000
393200000	11800000
393400000	11800000
393600000	12000000
393800000	12000000
394000000	12000000
394200000	12000000
394400000	12200000
394600000	12000000
394800000	12200000
395000000	12200000
395200000	12400000
395400000	12000000
395600000	12200000
395800000	12200000
396000000	12200000
396200000	12200000
396400000	12200000
396600000 12400000
396800000	11800000
397000000	12000000
397200000	12400000
397400000	12200000
397600000	12200000
397800000	12200000
398000000	12000000
398200000	12200000
398400000	12000000
398600000	12000000
398800000	12200000
399000000	12200000
399200000	12000000
399400000	12000000
399600000	12000000
399800000	12000000
400000000	12000000
400200000	11800000
400400000	12000000
400600000	12000000
400800000	11600000
401000000	11600000
401200000	11800000
401400000	12000000
401600000	11600000
401800000	11600000
402000000	11600000
402200000	11600000
402400000	11400000
402600000	11400000
402800000	11200000
403000000	11200000
403200000	11200000
403400000	11000000
403600000	10800000
403800000	11200000
404000000	11000000
404200000	10800000
404400000	10800000
404600000	10800000
404800000	10800000
405000000	10400000
405200000	10600000
405400000	10400000
405600000	10600000
405800000	10200000
406000000	10400000
406200000	10200000
406400000	10000000
406600000	10200000
406800000	10000000
407000000	9600000
407200000	9600000
407400000	9800000
407600000	10000000
407800000	9800000
408000000	9800000
408200000	9600000
408400000	9200000
408600000	9600000
408800000	9400000
409000000	9400000
409200000	9200000
409400000	9200000
409600000	9400000
409800000	9000000
410000000	9000000
410200000	9000000
410400000	9000000
410600000	9000000
410800000	9000000
411000000	8800000
411200000	8800000
411400000	8800000
411600000	8400000
411800000	8600000
412000000	8800000
412200000	8800000
412400000	8600000
412600000	8600000
412800000	8600000
413000000	8600000
413200000	8400000
413400000	8400000
413600000	8200000
413800000	8400000
414000000	8400000
414200000	8200000
414400000	8200000
414600000	8200000
414800000	8200000
415000000	8400000
415200000	8400000
415400000	8400000
415600000	8400000
415800000	8400000
416000000	8400000
416200000	8600000
416400000	8400000
416600000 8000000
416800000	8200000
417000000	8400000
417200000	8400000
417400000	8200000
417600000	8400000
417800000	8400000
418000000	8400000
418200000	8400000
418400000	8400000
418600000	8600000
418800000	8600000
419000000	8600000
419200000	8600000
419400000	8600000
419600000	8600000
419800000	8800000
420000000	8600000
420200000	8800000
420400000	8600000
420600000	9000000
420800000	8800000
421000000	9000000
421200000	9200000
421400000	9200000
421600000	9200000
421800000	9000000
422000000	9000000
422200000	9200000
422400000	9400000
422600000	9400000
422800000	9400000
423000000	9600000
423200000	9400000
423400000	9600000
423600000	9800000
423800000	10000000
424000000	9800000
424200000	10000000
424400000	10000000
424600000	10000000
424800000	10000000
425000000	10000000
425200000	10200000
425400000	10400000
425600000	10200000
425800000	10600000
426000000	10400000
426200000	10400000
426400000	10400000
426600000	10600000
426800000	10400000
427000000	10600000
427200000	10800000
427400000	10800000
427600000	11200000
427800000	11000000
428000000	11000000
428200000	10600000
428400000	11000000
428600000	11000000
428800000	11200000
429000000	11000000
429200000	11200000
429400000	11400000
429600000	11400000
429800000	11400000
430000000	11400000
430200000	11200000
430400000	11800000
430600000	11600000
430800000	11600000
431000000	11600000
431200000	11600000
431400000	11600000
431600000	11600000
431800000	12000000
432000000	11800000
432200000	11800000
432400000	12000000
432600000	11800000
432800000	12200000
433000000	11800000
433200000	11800000
433400000	12000000
433600000	11800000
433800000	12000000
434000000	11800000
434200000	11800000
434400000 12200000
434600000	11800000
434800000	12200000
435000000	12000000
435200000	12000000
435400000	11800000
435600000	12000000
435800000	12000000
436000000	12200000
436200000	11800000
436400000	11600000
436600000	12000000
436800000	11600000
437000000	11600000
437200000	11800000
437400000	11800000
437600000	11600000
437800000	11800000
438000000	11600000
438200000	11600000
438400000	11400000
438600000	11400000
438800000	11400000
439000000	11600000
439200000	11400000
439400000	11400000
439600000	11400000
439800000	11400000
440000000	11400000
440200000	11200000
440400000	11200000
440600000	11400000
440800000	11200000
441000000	11200000
441200000	11200000
441400000	10800000
441600000	11000000
441800000	10800000
442000000	10800000
442200000	10600000
442400000	10800000
442600000	10800000
442800000	10600000
443000000	10600000
443200000	10600000
443400000	10600000
443600000	10400000
443800000	10000000
444000000	10200000
444200000	10200000
444400000	10200000
444600000	10200000
444800000	10000000
445000000	10000000
445200000	9800000
445400000	10000000
445600000	9800000
445800000	9800000
446000000	9800000
446200000	9600000
446400000	9400000
446600000	9400000
446800000	9200000
447000000	9400000
447200000	9200000
447400000	9400000
447600000	9400000
447800000	9400000
448000000	9000000
448200000	9000000
448400000	9200000
448600000	9200000
448800000	9200000
449000000	9200000
449200000	9000000
449400000	8800000
449600000	8800000
449800000	8600000
450000000	8800000
450200000	9000000
450400000	9000000
450600000	8400000
450800000	8800000
451000000	8800000
451200000	8800000
451400000	8400000
451600000	8800000
451800000	8800000
452000000	8600000
452200000	8600000
452400000	8600000
452600000	8400000
452800000	8400000
453000000	8400000
453200000	8400000
453400000	8600000
453600000 8200000
453800000	8600000
454000000	8600000
454200000	8600000
454400000	8600000
454600000	8600000
454800000	8600000
455000000	8600000
455200000	8800000
455400000	8800000
455600000	8600000
455800000	8800000
456000000	8800000
456200000	8400000
456400000	8400000
456600000	8800000
456800000	8600000
457000000	8600000
457200000	8800000
457400000	8800000
457600000	9200000
457800000	8800000
458000000	8600000
458200000	9200000
458400000	9000000
458600000	9200000
458800000	9200000
459000000	9200000
459200000	9200000
459400000	9200000
459600000	9200000
459800000	9200000
460000000	9200000
460200000	9400000
460400000	9400000
460600000	9400000
460800000	9400000
461000000	9800000
461200000	9800000
461400000	9600000
461600000	9800000
461800000	9800000
462000000	9800000
462200000	9800000
462400000	10000000
462600000	9800000
462800000	10000000
463000000	10200000
463200000	10200000
463400000	10400000
463600000	10200000
463800000	10400000
464000000	10400000
464200000	10600000
464400000	10400000
464600000	10600000
464800000	10600000
465000000	10800000
465200000	10400000
465400000	10800000
465600000	10800000
465800000	10800000
466000000	10800000
466200000	10800000
466400000	10800000
466600000	11000000
466800000	11000000
467000000	11200000
467200000	11400000
467400000	11200000
467600000	11200000
467800000	11000000
468000000	11400000
468200000	11200000
468400000	11400000
468600000	11400000
468800000	11200000
469000000	11600000
469200000	11600000
469400000	11400000
469600000	11400000
469800000	11600000
470000000	11600000
470200000	11600000
470400000	11600000
470600000	11600000
470800000	11600000
471000000	11400000
471200000	11600000
471400000	11600000
471600000	11800000
471800000	11600000
